0.000000	0.000000
0.000200	0.031416
0.000400	0.062830
0.000600	0.094242
0.000800	0.125650
0.001000	0.157054
0.001200	0.188451
0.001400	0.219841
0.001600	0.251222
0.001800	0.282593
0.002000	0.313953
0.002200	0.345300
0.002400	0.376634
0.002600	0.407953
0.002800	0.439256
0.003000	0.470542
0.003200	0.501809
0.003400	0.533056
0.003600	0.564282
0.003800	0.595486
0.004000	0.626666
0.004200	0.657822
0.004400	0.688951
0.004600	0.720054
0.004800	0.751128
0.005000	0.782172
0.005200	0.813186
0.005400	0.844167
0.005600	0.875115
0.005800	0.906029
0.006000	0.936907
0.006200	0.967747
0.006400	0.998550
0.006600	1.029313
0.006800	1.060036
0.007000	1.090716
0.007200	1.121354
0.007400	1.151947
0.007600	1.182495
0.007800	1.212996
0.008000	1.243449
0.008200	1.273854
0.008400	1.304208
0.008600	1.334510
0.008800	1.364760
0.009000	1.394956
0.009200	1.425096
0.009400	1.455181
0.009600	1.485208
0.009800	1.515176
0.010000	1.545085
0.010200	1.574933
0.010400	1.604718
0.010600	1.634440
0.010800	1.664098
0.011000	1.693690
0.011200	1.723215
0.011400	1.752672
0.011600	1.782059
0.011800	1.811377
0.012000	1.840623
0.012200	1.869796
0.012400	1.898895
0.012600	1.927920
0.012800	1.956868
0.013000	1.985739
0.013200	2.014532
0.013400	2.043245
0.013600	2.071878
0.013800	2.100429
0.014000	2.128896
0.014200	2.157280
0.014400	2.185579
0.014600	2.213791
0.014800	2.241916
0.015000	2.269952
0.015200	2.297899
0.015400	2.325755
0.015600	2.353520
0.015800	2.381191
0.016000	2.408768
0.016200	2.436251
0.016400	2.463637
0.016600	2.490926
0.016800	2.518116
0.017000	2.545207
0.017200	2.572198
0.017400	2.599087
0.017600	2.625873
0.017800	2.652556
0.018000	2.679134
0.018200	2.705606
0.018400	2.731972
0.018600	2.758229
0.018800	2.784378
0.019000	2.810417
0.019200	2.836345
0.019400	2.862161
0.019600	2.887864
0.019800	2.913452
0.020000	2.938926
0.020200	2.964284
0.020400	2.989525
0.020600	3.014648
0.020800	3.039651
0.021000	3.064535
0.021200	3.089298
0.021400	3.113939
0.021600	3.138457
0.021800	3.162851
0.022000	3.187120
0.022200	3.211263
0.022400	3.235280
0.022600	3.259169
0.022800	3.282929
0.023000	3.306559
0.023200	3.330059
0.023400	3.353428
0.023600	3.376664
0.023800	3.399767
0.024000	3.422736
0.024200	3.445569
0.024400	3.468267
0.024600	3.490827
0.024800	3.513250
0.025000	3.535534
0.025200	3.557678
0.025400	3.579682
0.025600	3.601545
0.025800	3.623266
0.026000	3.644843
0.026200	3.666277
0.026400	3.687566
0.026600	3.708709
0.026800	3.729706
0.027000	3.750555
0.027200	3.771257
0.027400	3.791810
0.027600	3.812213
0.027800	3.832465
0.028000	3.852566
0.028200	3.872515
0.028400	3.892312
0.028600	3.911954
0.028800	3.931442
0.029000	3.950775
0.029200	3.969952
0.029400	3.988972
0.029600	4.007835
0.029800	4.026539
0.030000	4.045085
0.030200	4.063471
0.030400	4.081696
0.030600	4.099761
0.030800	4.117663
0.031000	4.135403
0.031200	4.152979
0.031400	4.170392
0.031600	4.187640
0.031800	4.204723
0.032000	4.221640
0.032200	4.238390
0.032400	4.254972
0.032600	4.271387
0.032800	4.287633
0.033000	4.303710
0.033200	4.319617
0.033400	4.335354
0.033600	4.350919
0.033800	4.366312
0.034000	4.381533
0.034200	4.396582
0.034400	4.411456
0.034600	4.426157
0.034800	4.440682
0.035000	4.455033
0.035200	4.469207
0.035400	4.483205
0.035600	4.497026
0.035800	4.510670
0.036000	4.524135
0.036200	4.537422
0.036400	4.550530
0.036600	4.563458
0.036800	4.576206
0.037000	4.588773
0.037200	4.601159
0.037400	4.613364
0.037600	4.625386
0.037800	4.637226
0.038000	4.648882
0.038200	4.660356
0.038400	4.671645
0.038600	4.682749
0.038800	4.693669
0.039000	4.704404
0.039200	4.714953
0.039400	4.725315
0.039600	4.735492
0.039800	4.745481
0.040000	4.755283
0.040200	4.764897
0.040400	4.774323
0.040600	4.783560
0.040800	4.792609
0.041000	4.801468
0.041200	4.810138
0.041400	4.818618
0.041600	4.826908
0.041800	4.835007
0.042000	4.842916
0.042200	4.850633
0.042400	4.858159
0.042600	4.865493
0.042800	4.872634
0.043000	4.879584
0.043200	4.886341
0.043400	4.892905
0.043600	4.899275
0.043800	4.905453
0.044000	4.911436
0.044200	4.917226
0.044400	4.922822
0.044600	4.928223
0.044800	4.933430
0.045000	4.938442
0.045200	4.943259
0.045400	4.947881
0.045600	4.952307
0.045800	4.956538
0.046000	4.960574
0.046200	4.964413
0.046400	4.968057
0.046600	4.971504
0.046800	4.974755
0.047000	4.977810
0.047200	4.980668
0.047400	4.983330
0.047600	4.985795
0.047800	4.988063
0.048000	4.990134
0.048200	4.992008
0.048400	4.993685
0.048600	4.995165
0.048800	4.996447
0.049000	4.997533
0.049200	4.998421
0.049400	4.999112
0.049600	4.999605
0.049800	4.999901
0.050000	5.000000
0.050200	4.999901
0.050400	4.999605
0.050600	4.999112
0.050800	4.998421
0.051000	4.997533
0.051200	4.996447
0.051400	4.995165
0.051600	4.993685
0.051800	4.992008
0.052000	4.990134
0.052200	4.988063
0.052400	4.985795
0.052600	4.983330
0.052800	4.980668
0.053000	4.977810
0.053200	4.974755
0.053400	4.971504
0.053600	4.968057
0.053800	4.964413
0.054000	4.960574
0.054200	4.956538
0.054400	4.952307
0.054600	4.947881
0.054800	4.943259
0.055000	4.938442
0.055200	4.933430
0.055400	4.928223
0.055600	4.922822
0.055800	4.917226
0.056000	4.911436
0.056200	4.905453
0.056400	4.899275
0.056600	4.892905
0.056800	4.886341
0.057000	4.879584
0.057200	4.872634
0.057400	4.865493
0.057600	4.858159
0.057800	4.850633
0.058000	4.842916
0.058200	4.835007
0.058400	4.826908
0.058600	4.818618
0.058800	4.810138
0.059000	4.801468
0.059200	4.792609
0.059400	4.783560
0.059600	4.774323
0.059800	4.764897
0.060000	4.755283
0.060200	4.745481
0.060400	4.735492
0.060600	4.725315
0.060800	4.714953
0.061000	4.704404
0.061200	4.693669
0.061400	4.682749
0.061600	4.671645
0.061800	4.660356
0.062000	4.648882
0.062200	4.637226
0.062400	4.625386
0.062600	4.613364
0.062800	4.601159
0.063000	4.588773
0.063200	4.576206
0.063400	4.563458
0.063600	4.550530
0.063800	4.537422
0.064000	4.524135
0.064200	4.510670
0.064400	4.497026
0.064600	4.483205
0.064800	4.469207
0.065000	4.455033
0.065200	4.440682
0.065400	4.426157
0.065600	4.411456
0.065800	4.396582
0.066000	4.381533
0.066200	4.366312
0.066400	4.350919
0.066600	4.335354
0.066800	4.319617
0.067000	4.303710
0.067200	4.287633
0.067400	4.271387
0.067600	4.254972
0.067800	4.238390
0.068000	4.221640
0.068200	4.204723
0.068400	4.187640
0.068600	4.170392
0.068800	4.152979
0.069000	4.135403
0.069200	4.117663
0.069400	4.099761
0.069600	4.081696
0.069800	4.063471
0.070000	4.045085
0.070200	4.026539
0.070400	4.007835
0.070600	3.988972
0.070800	3.969952
0.071000	3.950775
0.071200	3.931442
0.071400	3.911954
0.071600	3.892312
0.071800	3.872515
0.072000	3.852566
0.072200	3.832465
0.072400	3.812213
0.072600	3.791810
0.072800	3.771257
0.073000	3.750555
0.073200	3.729706
0.073400	3.708709
0.073600	3.687566
0.073800	3.666277
0.074000	3.644843
0.074200	3.623266
0.074400	3.601545
0.074600	3.579682
0.074800	3.557678
0.075000	3.535534
0.075200	3.513250
0.075400	3.490827
0.075600	3.468267
0.075800	3.445569
0.076000	3.422736
0.076200	3.399767
0.076400	3.376664
0.076600	3.353428
0.076800	3.330059
0.077000	3.306559
0.077200	3.282929
0.077400	3.259169
0.077600	3.235280
0.077800	3.211263
0.078000	3.187120
0.078200	3.162851
0.078400	3.138457
0.078600	3.113939
0.078800	3.089298
0.079000	3.064535
0.079200	3.039651
0.079400	3.014648
0.079600	2.989525
0.079800	2.964284
0.080000	2.938926
0.080200	2.913452
0.080400	2.887864
0.080600	2.862161
0.080800	2.836345
0.081000	2.810417
0.081200	2.784378
0.081400	2.758229
0.081600	2.731972
0.081800	2.705606
0.082000	2.679134
0.082200	2.652556
0.082400	2.625873
0.082600	2.599087
0.082800	2.572198
0.083000	2.545207
0.083200	2.518116
0.083400	2.490926
0.083600	2.463637
0.083800	2.436251
0.084000	2.408768
0.084200	2.381191
0.084400	2.353520
0.084600	2.325755
0.084800	2.297899
0.085000	2.269952
0.085200	2.241916
0.085400	2.213791
0.085600	2.185579
0.085800	2.157280
0.086000	2.128896
0.086200	2.100429
0.086400	2.071878
0.086600	2.043245
0.086800	2.014532
0.087000	1.985739
0.087200	1.956868
0.087400	1.927920
0.087600	1.898895
0.087800	1.869796
0.088000	1.840623
0.088200	1.811377
0.088400	1.782059
0.088600	1.752672
0.088800	1.723215
0.089000	1.693690
0.089200	1.664098
0.089400	1.634440
0.089600	1.604718
0.089800	1.574933
0.090000	1.545085
0.090200	1.515176
0.090400	1.485208
0.090600	1.455181
0.090800	1.425096
0.091000	1.394956
0.091200	1.364760
0.091400	1.334510
0.091600	1.304208
0.091800	1.273854
0.092000	1.243449
0.092200	1.212996
0.092400	1.182495
0.092600	1.151947
0.092800	1.121354
0.093000	1.090716
0.093200	1.060036
0.093400	1.029313
0.093600	0.998550
0.093800	0.967747
0.094000	0.936907
0.094200	0.906029
0.094400	0.875115
0.094600	0.844167
0.094800	0.813186
0.095000	0.782172
0.095200	0.751128
0.095400	0.720054
0.095600	0.688951
0.095800	0.657822
0.096000	0.626666
0.096200	0.595486
0.096400	0.564282
0.096600	0.533056
0.096800	0.501809
0.097000	0.470542
0.097200	0.439256
0.097400	0.407953
0.097600	0.376634
0.097800	0.345300
0.098000	0.313953
0.098200	0.282593
0.098400	0.251222
0.098600	0.219841
0.098800	0.188451
0.099000	0.157054
0.099200	0.125650
0.099400	0.094242
0.099600	0.062830
0.099800	0.031416
0.100000	-0.000000
0.100200	-0.031416
0.100400	-0.062830
0.100600	-0.094242
0.100800	-0.125650
0.101000	-0.157054
0.101200	-0.188451
0.101400	-0.219841
0.101600	-0.251222
0.101800	-0.282593
0.102000	-0.313953
0.102200	-0.345300
0.102400	-0.376634
0.102600	-0.407953
0.102800	-0.439256
0.103000	-0.470542
0.103200	-0.501809
0.103400	-0.533056
0.103600	-0.564282
0.103800	-0.595486
0.104000	-0.626666
0.104200	-0.657822
0.104400	-0.688951
0.104600	-0.720054
0.104800	-0.751128
0.105000	-0.782172
0.105200	-0.813186
0.105400	-0.844167
0.105600	-0.875115
0.105800	-0.906029
0.106000	-0.936907
0.106200	-0.967747
0.106400	-0.998550
0.106600	-1.029313
0.106800	-1.060036
0.107000	-1.090716
0.107200	-1.121354
0.107400	-1.151947
0.107600	-1.182495
0.107800	-1.212996
0.108000	-1.243449
0.108200	-1.273854
0.108400	-1.304208
0.108600	-1.334510
0.108800	-1.364760
0.109000	-1.394956
0.109200	-1.425096
0.109400	-1.455181
0.109600	-1.485208
0.109800	-1.515176
0.110000	-1.545085
0.110200	-1.574933
0.110400	-1.604718
0.110600	-1.634440
0.110800	-1.664098
0.111000	-1.693690
0.111200	-1.723215
0.111400	-1.752672
0.111600	-1.782059
0.111800	-1.811377
0.112000	-1.840623
0.112200	-1.869796
0.112400	-1.898895
0.112600	-1.927920
0.112800	-1.956868
0.113000	-1.985739
0.113200	-2.014532
0.113400	-2.043245
0.113600	-2.071878
0.113800	-2.100429
0.114000	-2.128896
0.114200	-2.157280
0.114400	-2.185579
0.114600	-2.213791
0.114800	-2.241916
0.115000	-2.269952
0.115200	-2.297899
0.115400	-2.325755
0.115600	-2.353520
0.115800	-2.381191
0.116000	-2.408768
0.116200	-2.436251
0.116400	-2.463637
0.116600	-2.490926
0.116800	-2.518116
0.117000	-2.545207
0.117200	-2.572198
0.117400	-2.599087
0.117600	-2.625873
0.117800	-2.652556
0.118000	-2.679134
0.118200	-2.705606
0.118400	-2.731972
0.118600	-2.758229
0.118800	-2.784378
0.119000	-2.810417
0.119200	-2.836345
0.119400	-2.862161
0.119600	-2.887864
0.119800	-2.913452
0.120000	-2.938926
0.120200	-2.964284
0.120400	-2.989525
0.120600	-3.014648
0.120800	-3.039651
0.121000	-3.064535
0.121200	-3.089298
0.121400	-3.113939
0.121600	-3.138457
0.121800	-3.162851
0.122000	-3.187120
0.122200	-3.211263
0.122400	-3.235280
0.122600	-3.259169
0.122800	-3.282929
0.123000	-3.306559
0.123200	-3.330059
0.123400	-3.353428
0.123600	-3.376664
0.123800	-3.399767
0.124000	-3.422736
0.124200	-3.445569
0.124400	-3.468267
0.124600	-3.490827
0.124800	-3.513250
0.125000	-3.535534
0.125200	-3.557678
0.125400	-3.579682
0.125600	-3.601545
0.125800	-3.623266
0.126000	-3.644843
0.126200	-3.666277
0.126400	-3.687566
0.126600	-3.708709
0.126800	-3.729706
0.127000	-3.750555
0.127200	-3.771257
0.127400	-3.791810
0.127600	-3.812213
0.127800	-3.832465
0.128000	-3.852566
0.128200	-3.872515
0.128400	-3.892312
0.128600	-3.911954
0.128800	-3.931442
0.129000	-3.950775
0.129200	-3.969952
0.129400	-3.988972
0.129600	-4.007835
0.129800	-4.026539
0.130000	-4.045085
0.130200	-4.063471
0.130400	-4.081696
0.130600	-4.099761
0.130800	-4.117663
0.131000	-4.135403
0.131200	-4.152979
0.131400	-4.170392
0.131600	-4.187640
0.131800	-4.204723
0.132000	-4.221640
0.132200	-4.238390
0.132400	-4.254972
0.132600	-4.271387
0.132800	-4.287633
0.133000	-4.303710
0.133200	-4.319617
0.133400	-4.335354
0.133600	-4.350919
0.133800	-4.366312
0.134000	-4.381533
0.134200	-4.396582
0.134400	-4.411456
0.134600	-4.426157
0.134800	-4.440682
0.135000	-4.455033
0.135200	-4.469207
0.135400	-4.483205
0.135600	-4.497026
0.135800	-4.510670
0.136000	-4.524135
0.136200	-4.537422
0.136400	-4.550530
0.136600	-4.563458
0.136800	-4.576206
0.137000	-4.588773
0.137200	-4.601159
0.137400	-4.613364
0.137600	-4.625386
0.137800	-4.637226
0.138000	-4.648882
0.138200	-4.660356
0.138400	-4.671645
0.138600	-4.682749
0.138800	-4.693669
0.139000	-4.704404
0.139200	-4.714953
0.139400	-4.725315
0.139600	-4.735492
0.139800	-4.745481
0.140000	-4.755283
0.140200	-4.764897
0.140400	-4.774323
0.140600	-4.783560
0.140800	-4.792609
0.141000	-4.801468
0.141200	-4.810138
0.141400	-4.818618
0.141600	-4.826908
0.141800	-4.835007
0.142000	-4.842916
0.142200	-4.850633
0.142400	-4.858159
0.142600	-4.865493
0.142800	-4.872634
0.143000	-4.879584
0.143200	-4.886341
0.143400	-4.892905
0.143600	-4.899275
0.143800	-4.905453
0.144000	-4.911436
0.144200	-4.917226
0.144400	-4.922822
0.144600	-4.928223
0.144800	-4.933430
0.145000	-4.938442
0.145200	-4.943259
0.145400	-4.947881
0.145600	-4.952307
0.145800	-4.956538
0.146000	-4.960574
0.146200	-4.964413
0.146400	-4.968057
0.146600	-4.971504
0.146800	-4.974755
0.147000	-4.977810
0.147200	-4.980668
0.147400	-4.983330
0.147600	-4.985795
0.147800	-4.988063
0.148000	-4.990134
0.148200	-4.992008
0.148400	-4.993685
0.148600	-4.995165
0.148800	-4.996447
0.149000	-4.997533
0.149200	-4.998421
0.149400	-4.999112
0.149600	-4.999605
0.149800	-4.999901
0.150000	-5.000000
0.150200	-4.999901
0.150400	-4.999605
0.150600	-4.999112
0.150800	-4.998421
0.151000	-4.997533
0.151200	-4.996447
0.151400	-4.995165
0.151600	-4.993685
0.151800	-4.992008
0.152000	-4.990134
0.152200	-4.988063
0.152400	-4.985795
0.152600	-4.983330
0.152800	-4.980668
0.153000	-4.977810
0.153200	-4.974755
0.153400	-4.971504
0.153600	-4.968057
0.153800	-4.964413
0.154000	-4.960574
0.154200	-4.956538
0.154400	-4.952307
0.154600	-4.947881
0.154800	-4.943259
0.155000	-4.938442
0.155200	-4.933430
0.155400	-4.928223
0.155600	-4.922822
0.155800	-4.917226
0.156000	-4.911436
0.156200	-4.905453
0.156400	-4.899275
0.156600	-4.892905
0.156800	-4.886341
0.157000	-4.879584
0.157200	-4.872634
0.157400	-4.865493
0.157600	-4.858159
0.157800	-4.850633
0.158000	-4.842916
0.158200	-4.835007
0.158400	-4.826908
0.158600	-4.818618
0.158800	-4.810138
0.159000	-4.801468
0.159200	-4.792609
0.159400	-4.783560
0.159600	-4.774323
0.159800	-4.764897
0.160000	-4.755283
0.160200	-4.745481
0.160400	-4.735492
0.160600	-4.725315
0.160800	-4.714953
0.161000	-4.704404
0.161200	-4.693669
0.161400	-4.682749
0.161600	-4.671645
0.161800	-4.660356
0.162000	-4.648882
0.162200	-4.637226
0.162400	-4.625386
0.162600	-4.613364
0.162800	-4.601159
0.163000	-4.588773
0.163200	-4.576206
0.163400	-4.563458
0.163600	-4.550530
0.163800	-4.537422
0.164000	-4.524135
0.164200	-4.510670
0.164400	-4.497026
0.164600	-4.483205
0.164800	-4.469207
0.165000	-4.455033
0.165200	-4.440682
0.165400	-4.426157
0.165600	-4.411456
0.165800	-4.396582
0.166000	-4.381533
0.166200	-4.366312
0.166400	-4.350919
0.166600	-4.335354
0.166800	-4.319617
0.167000	-4.303710
0.167200	-4.287633
0.167400	-4.271387
0.167600	-4.254972
0.167800	-4.238390
0.168000	-4.221640
0.168200	-4.204723
0.168400	-4.187640
0.168600	-4.170392
0.168800	-4.152979
0.169000	-4.135403
0.169200	-4.117663
0.169400	-4.099761
0.169600	-4.081696
0.169800	-4.063471
0.170000	-4.045085
0.170200	-4.026539
0.170400	-4.007835
0.170600	-3.988972
0.170800	-3.969952
0.171000	-3.950775
0.171200	-3.931442
0.171400	-3.911954
0.171600	-3.892312
0.171800	-3.872515
0.172000	-3.852566
0.172200	-3.832465
0.172400	-3.812213
0.172600	-3.791810
0.172800	-3.771257
0.173000	-3.750555
0.173200	-3.729706
0.173400	-3.708709
0.173600	-3.687566
0.173800	-3.666277
0.174000	-3.644843
0.174200	-3.623266
0.174400	-3.601545
0.174600	-3.579682
0.174800	-3.557678
0.175000	-3.535534
0.175200	-3.513250
0.175400	-3.490827
0.175600	-3.468267
0.175800	-3.445569
0.176000	-3.422736
0.176200	-3.399767
0.176400	-3.376664
0.176600	-3.353428
0.176800	-3.330059
0.177000	-3.306559
0.177200	-3.282929
0.177400	-3.259169
0.177600	-3.235280
0.177800	-3.211263
0.178000	-3.187120
0.178200	-3.162851
0.178400	-3.138457
0.178600	-3.113939
0.178800	-3.089298
0.179000	-3.064535
0.179200	-3.039651
0.179400	-3.014648
0.179600	-2.989525
0.179800	-2.964284
0.180000	-2.938926
0.180200	-2.913452
0.180400	-2.887864
0.180600	-2.862161
0.180800	-2.836345
0.181000	-2.810417
0.181200	-2.784378
0.181400	-2.758229
0.181600	-2.731972
0.181800	-2.705606
0.182000	-2.679134
0.182200	-2.652556
0.182400	-2.625873
0.182600	-2.599087
0.182800	-2.572198
0.183000	-2.545207
0.183200	-2.518116
0.183400	-2.490926
0.183600	-2.463637
0.183800	-2.436251
0.184000	-2.408768
0.184200	-2.381191
0.184400	-2.353520
0.184600	-2.325755
0.184800	-2.297899
0.185000	-2.269952
0.185200	-2.241916
0.185400	-2.213791
0.185600	-2.185579
0.185800	-2.157280
0.186000	-2.128896
0.186200	-2.100429
0.186400	-2.071878
0.186600	-2.043245
0.186800	-2.014532
0.187000	-1.985739
0.187200	-1.956868
0.187400	-1.927920
0.187600	-1.898895
0.187800	-1.869796
0.188000	-1.840623
0.188200	-1.811377
0.188400	-1.782059
0.188600	-1.752672
0.188800	-1.723215
0.189000	-1.693690
0.189200	-1.664098
0.189400	-1.634440
0.189600	-1.604718
0.189800	-1.574933
0.190000	-1.545085
0.190200	-1.515176
0.190400	-1.485208
0.190600	-1.455181
0.190800	-1.425096
0.191000	-1.394956
0.191200	-1.364760
0.191400	-1.334510
0.191600	-1.304208
0.191800	-1.273854
0.192000	-1.243449
0.192200	-1.212996
0.192400	-1.182495
0.192600	-1.151947
0.192800	-1.121354
0.193000	-1.090716
0.193200	-1.060036
0.193400	-1.029313
0.193600	-0.998550
0.193800	-0.967747
0.194000	-0.936907
0.194200	-0.906029
0.194400	-0.875115
0.194600	-0.844167
0.194800	-0.813186
0.195000	-0.782172
0.195200	-0.751128
0.195400	-0.720054
0.195600	-0.688951
0.195800	-0.657822
0.196000	-0.626666
0.196200	-0.595486
0.196400	-0.564282
0.196600	-0.533056
0.196800	-0.501809
0.197000	-0.470542
0.197200	-0.439256
0.197400	-0.407953
0.197600	-0.376634
0.197800	-0.345300
0.198000	-0.313953
0.198200	-0.282593
0.198400	-0.251222
0.198600	-0.219841
0.198800	-0.188451
0.199000	-0.157054
0.199200	-0.125650
0.199400	-0.094242
0.199600	-0.062830
0.199800	-0.031416
